
dev
  1096 <->     11
  1097         80
  1098         86
  1099        448
  1865        484
  1867        547
  1869        616
  1888        622
  1890        978
  1892        984
  1894       1014
  1897       1020
  1899       1083
  1901       1152
  1903       1158
  1937       1514
  1939       1520
  1941       1550
  1943       1556
  2057       1619
  2059       1688
  2061       1694
  2081       2050
  2083       2056
  2085       2086
  2087       2092

dev
  1097 <->    547
  1098       1083
  1099       1619

dev
  1098 <->   1083
  1099 <->   1619

dev
  1865 <->     80
  1867         86
  1869        448
  1888        484
  1890        616
  1892        622
  1894        978
  1897        984
  1899       1014
  1901       1020
  1903       1152
  1937       1158
  1939       1514
  1941       1520
  1943       1550
  2057       1556
  2059       1688
  2061       1694
  2081       2050
  2083       2056
  2085       2086
  2087       2092

dev
  1867 <->     86
  1869        448
  1888        484
  1890        616
  1892        622
  1894        978
  1897        984
  1899       1014
  1901       1020
  1903       1152
  1937       1158
  1939       1514
  1941       1520
  1943       1550
  2057       1556
  2059       1688
  2061       1694
  2081       2050
  2083       2056
  2085       2086
  2087       2092

dev
  1869 <->    448
  1888        484
  1890        616
  1892        622
  1894        978
  1897        984
  1899       1014
  1901       1020
  1903       1152
  1937       1158
  1939       1514
  1941       1520
  1943       1550
  2057       1556
  2059       1688
  2061       1694
  2081       2050
  2083       2056
  2085       2086
  2087       2092

dev
  1888 <->    484
  1890        616
  1892        622
  1894        978
  1897        984
  1899       1014
  1901       1020
  1903       1152
  1937       1158
  1939       1514
  1941       1520
  1943       1550
  2057       1556
  2059       1688
  2061       1694
  2081       2050
  2083       2056
  2085       2086
  2087       2092

dev
  1890 <->    616
  1892        622
  1894        978
  1897        984
  1899       1014
  1901       1020
  1903       1152
  1937       1158
  1939       1514
  1941       1520
  1943       1550
  2057       1556
  2059       1688
  2061       1694
  2081       2050
  2083       2056
  2085       2086
  2087       2092

dev
  1892 <->    622
  1894        978
  1897        984
  1899       1014
  1901       1020
  1903       1152
  1937       1158
  1939       1514
  1941       1520
  1943       1550
  2057       1556
  2059       1688
  2061       1694
  2081       2050
  2083       2056
  2085       2086
  2087       2092

dev
  1894 <->    978
  1897        984
  1899       1014
  1901       1020
  1903       1152
  1937       1158
  1939       1514
  1941       1520
  1943       1550
  2057       1556
  2059       1688
  2061       1694
  2081       2050
  2083       2056
  2085       2086
  2087       2092

dev
  1897 <->    984
  1899       1014
  1901       1020
  1903       1152
  1937       1158
  1939       1514
  1941       1520
  1943       1550
  2057       1556
  2059       1688
  2061       1694
  2081       2050
  2083       2056
  2085       2086
  2087       2092

dev
  1899 <->   1014
  1901       1020
  1903       1152
  1937       1158
  1939       1514
  1941       1520
  1943       1550
  2057       1556
  2059       1688
  2061       1694
  2081       2050
  2083       2056
  2085       2086
  2087       2092

dev
  1901 <->   1020
  1903       1152
  1937       1158
  1939       1514
  1941       1520
  1943       1550
  2057       1556
  2059       1688
  2061       1694
  2081       2050
  2083       2056
  2085       2086
  2087       2092

dev
  1903 <->   1152
  1937       1158
  1939       1514
  1941       1520
  1943       1550
  2057       1556
  2059       1688
  2061       1694
  2081       2050
  2083       2056
  2085       2086
  2087       2092

dev
  1937 <->   1158
  1939       1514
  1941       1520
  1943       1550
  2057       1556
  2059       1688
  2061       1694
  2081       2050
  2083       2056
  2085       2086
  2087       2092

dev
  1939 <->   1514
  1941       1520
  1943       1550
  2057       1556
  2059       1688
  2061       1694
  2081       2050
  2083       2056
  2085       2086
  2087       2092

dev
  1941 <->   1520
  1943       1550
  2057       1556
  2059       1688
  2061       1694
  2081       2050
  2083       2056
  2085       2086
  2087       2092

dev
  1943 <->   1550
  2057       1556
  2059       1688
  2061       1694
  2081       2050
  2083       2056
  2085       2086
  2087       2092

dev
  2057 <->   1556
  2059       1688
  2061       1694
  2081       2050
  2083       2056
  2085       2086
  2087       2092

dev
  2059 <->   1688
  2061       1694
  2081       2050
  2083       2056
  2085       2086
  2087       2092

dev
  2061 <->   1694
  2081       2050
  2083       2056
  2085       2086
  2087       2092

dev
  2081 <->   2050
  2083       2056
  2085       2086
  2087       2092

dev
  2083 <->   2056
  2085       2086
  2087       2092

dev
  2085 <->   2086
  2087 <->   2092
